0,511
74,4
74,3
74,2
0,510
74,1
74,0
73,4
73,3
73,2
73,1
73,0
0,509
0,508
72,3
72,2
0,507
72,1
72,0
0,506
0,505
0,504
0,503
0,502
0,501
71,4
71,3
71,2
71,1
71,0
0,500
0,499
0,498
70,5
70,4
70,3
70,2
70,1
70,0
0,497
0,496
0,495
0,494
69,4
69,3
69,2
69,1
69,0
0,493
68,3
68,2
0,492
68,1
68,0
67,3
67,2
67,1
67,0
66,3
66,2
66,1
66,0
65,3
65,2
65,1
65,0
64,3
64,2
64,1
64,0
63,3
63,2
63,1
63,0
0,491
62,4
62,3
62,2
62,1
62,0
0,490
0,489
0,488
0,487
0,486
0,485
0,484
0,483
0,482
0,481
0,480
0,479
61,4
61,3
61,2
0,478
0,477
61,1
61,0
60,3
60,2
60,1
60,0
0,476
0,475
0,474
0,473
0,472
0,471
0,243
59,5
59,4
59,3
59,2
0,470
59,1
59,0
0,469
0,468
0,467
0,466
0,465
58,5
58,4
58,3
58,2
0,464
58,1
58,0
0,463
0,462
0,461
0,460
0,459
57,4
57,3
57,2
57,1
57,0
56,3
56,2
56,1
56,0
55,3
55,2
55,1
55,0
54,3
54,2
54,1
54,0
